WINGS - GENERAL - Certify Sharklet Installation for A320/A319/A318
05604 06086 07858 07871 08101 08168 08218 08737 08832 08896 08901 08967 09045 09079 09091 09155 09332 09358 09467 10011 11037 11052 11090 11103 11111 11130 11147 11160 11163 11333 11361 11446 11506
05604 06086 0785808101 0816808218 08737 0883208901 08967 09045 09079 09091 09155 0933209358 09467 10011 11037 1105211130 11147 1116011163 11333 11361 11446 11506
WINGS - WINGTIP - INTRODUCE SHARKLET DEVICE FOR A320 FAMILY
03603 05450 05465 05490 05584 05604 05633 05663 05667 05689 06009 06086 06294 06508 06563 06599 06652 06657 06682 06709 06751 06758 06766 06781 06822 06869 06987 06990 07029 07089 07139 07146 07166 07242 07274 07299 07516 07518 07858 07871 08101 08155 08168 08218 08257 08617 08727 08732 08737 08740 08794 08832 08896 08901 08906 08919 08937 08957 08967 09000 0904409045 09076 09079 09082 09091 09095 09109 09138 09155 09157 09326 09332 09358 09376 09415 09452 09467 09496 09567 10011 10125 10128 10143 10222 10259 10272 10275 10331 10346 10367 10375 10382 10723 10751 10854 10878 10947 10973 11037 11048 11052 11090 11103 11111 11130 11144 1114711148 11160 11163 11212 11249 11333 11353 11361 11390 11446 11464 11506 11622 11658 11704 11843 11898 11944 11976 11999 12065 12075 12077 12115 12157 12364 12410 12431 12577 12775 12786 12828 12831 12866 12914 12935 12955 12980 12993 13005 13128 13298 13338 13345 13389 13594
03603 0545013594
WINGS - GENERAL - Certify Sharklet Installation for A321
05450 05465 05490 05584 05633 05663 05667 05689 06009 06294 06508 06563 06599 06652 06657 06682 06709 06751 06758 06766 06781 06822 06869 06987 06990 07029 07089 07139 07146 07166 07242 07274 07299 07516 07518 08155 08257 08617 08727 08732 08740 08794 08906 08919 08937 08957 09000 09044 09076 09082 09095 09109 09138 09157 09326 09376 09415 09452 09496 09567 10125 10128 10143 10222 10259 10272 10275 10331 10346 10367 10375 10382 10723 10751 10854 10878 10947 10973 11048 11144 11148 11212 11249 11353 11390 11464 11622 11658 11704 11843 11898 11944 11976 11999 12065 12075 12077 12115 12157 12364 12410 12431 12577 12775 12786 12828 12831 12866 12914 12935 12955 12980 12993 13005 13128 13298 13338 13345 13389 13594
0545005584 0563306009 0629407518 08155 0825708732 0874008794 0890608957 0900009044 09076 09082 0909509138 0915709326 0937609452 0949609567 1012510973 11048 11144 11148 1121211249 11353 11390 11464 1162213594
LANDING GEAR - NORMAL BRAKING - INTRODUCE NEW MLG BRAKE DESIGN FROM UTAS
08101 08168 08218 08737 08832 08901
08101 0816808218 08737 08832 08901
LANDING GEAR - WHEELS AND BRAKES - Install SepCarb IV carbon with OPS Anoxy 360 (Long Life)
08896 08967 09045 09079 09091 09155 09332 09358 09467 10011 11037 11052 11090 11103 11111 11130 11147 11160 11163 11333 11361 11446 11506
08896 08967 09045 09079 09091 09155 0933209358 09467 10011 11037 1105211130 11147 1116011163 11333 11361 11446 11506
FUSELAGE - AFT SECTION - DEFINE A321 BASIC STRUCTURE OF SECTION 16
02823 02868 02999 03015 03126 03207 03283 03350 03382 03405 03429 03525 03539 03637 03673 03688 03738 04643 04654 04682 04698 04706 04761 04779 04788 05025 05077 05083 05118 05154 05205 05254 05388 05450 05465 05490 05584 05633 05663 05667 05689 06009 06294 06508 06563 06599 06652 06657 06682 06709 06751 06758 06766 06781 06822 06869 06987 06990 07029 07089 07139 07146 07166 07242 07274 07299 07516 07518 08155 08257 08617 08727 08732 08740 08794 08906 08919 08937 08957 09000 09044 09076 09082 09095 09109 09138 09157 09326 09376 09415 09452 09496 09567 10125 10128 10143 10222 10259 10272 10275 10331 10346 10367 10375 10382 10723 10751 10854 10878 10947 10973 11048 11144 11148 11212 11249 11353 11390 11464 11622 11658 11704 11843 11898 11944 11976 11999 12065 12075 12077 12115 12157 12364 12410 12431 12577 12775 12786 12828 12831 12866 12914 12935 12955 12980 12993 13005 13128 13298 13338 13345 13389 13594
0282303126 03207 03283 0335003539 03637 0367303688 03738 0464304654 04682 0469804706 04761 0477904788 0502505584 0563306009 0629407518 08155 0825708732 0874008794 0890608957 0900009044 09076 09082 0909509138 0915709326 0937609452 0949609567 1012510973 11048 11144 11148 1121211249 11353 11390 11464 1162213594
FUSELAGE - REAR FUSELAGE - ADAPT STRUCTURE OF SECTION 17 TO 19 TO A319 DEFINITION
04629 04665 04695 04755 04774 04790
04629 04665 04695 04755 04774 04790
LANDING GEAR - WHEELS AND BRAKES - INTRODUCE REDESIGNED MESSIER-BUGATTI SEPCARB BRAKES ON MLG
03185 03208 03239 03257 03303 03341 03558 03567 03603 03654 0371803719 04629 04665 04695 04755 04774 04790 05604 06086 07858 07871 08896 08967 09045 09079 09091 09155 09332 09358 09467 10011 11037 11052 11090 11103 11111 11130 11147 11160 11163 11333 11361 11446 11506
03185 0320803257 0330303341 0355803603 03654 0371803719 04629 04665 04695 04755 04774 04790 05604 06086 0785807871 08896 08967 09045 09079 09091 09155 0933209358 09467 10011 11037 1105211130 11147 1116011163 11333 11361 11446 11506
INDICATING/RECORDING SYSTEMS FLIGHT WARNING COMPUTER (FWC) INSTALL FWC STANDARD H2-F5
AUTO-FLIGHT - FMGC ACTIVATE "MOD NAV IN GO AROUND" ON FMGC
02823 02868 02999 03015 03126 03185 0320703208 03239 03257 03283 03303 03341 03350 03382 03429 04629 04643 04654 04665 04682 04695 04698 04706 04755 04761 04774 04779 04788 04790 05025 05077 05083 05118 05154 05205 05254 05388 05450 05465 05490 05584 05604 05633 05663 05667 05689 06009 06086 06294 06508 06563 06599 06652 06657 06682 06709 06751 06758 06766 06781 06822 06869 06987 06990 07029 07089 07139 07146 07166 07242 07274 07299 07516 07518 07858 07871 08101 08155 08168 08218 08257 08617 08727 08732 08737 08740 08794 08832 08896 08901 08906 08919 08937 08957 08967 09000 0904409045 09076 09079 09082 09091 09095 09109 09138 09155 09157 09326 09332 09358 09376 09415 09452 09467 09496 09567 10011 10125 10128 10143 10222 10259 10272 10275 10331 10346 10367 10375 10382 10723 10751 10854 10878 10947 10973 11037 11048 11052 11090 11103 11111 11130 11144 1114711148 11160 11163 11212 11249 11333 11353 11361 11390 11446 11464 11506 11622 11658 11704 11843 11898 11944 11976 11999 12065 12075 12077 12115 12157 12364 12410 12431 12577 12775 12786 12828 12831 12866 12914 12935 12955 12980 12993 13005 13128 13298 13338 13345 13389 13594
0282303382 03429 0462913594
AUTO FLIGHT - AUTOPILOT/FLIGHT DIRECTOR (AP/FD)- ACTIVATE AP/FD TCAS FUNCTION
06508 06563 06599 06652 06657 06682 06709 06751 06758 06766 06781 06822 06869 06987 06990 07029 07089 07139 07146 07166 07242 07274 07299 07516 07518 07858 07871 08101 08155 08168 08218 08257 08617 08727 08732 08737 08740 08794 08832 08896 08901 08906 08919 08937 08957 08967 09000 0904409045 09076 09079 09082 09091 09095 09109 09138 09155 09157 09326 09332 09358 09376 09415 09452 09467 09496 09567 10011 10125 10128 10143 10222 10259 10272 10275 10331 10346 10367 10375 10382 10723 10751 10854 10878 10947 10973 11037 11048 11052 11090 11103 11111 11130 11144 1114711148 11160 11163 11212 11249 11333 11353 11361 11390 11446 11464 11506 11622 11658 11704 11843 11898 11944 11976 11999 12065 12075 12077 12115 12157 12364 12410 12431 12577 12775 12786 12828 12831 12866 12914 12935 12955 12980 12993 13005 13128 13298 13338 13345 13389 13594
0650813594
NAVIGATION - WEATHER RADAR SYSTEM - INSTALL SINGLE WEATHER RADAR RDR 4000 HONEYWELL
08617 08727 08732 08737 08740 08794 08832 08896 08901 08906 08919 08937 08957 08967 09000 0904409045 09076 09079 09082 09091 09095 09109 09138 09155 09157 09326 09332 09358 09376 09415 09452 09467 09496 09567 10011 10125 10128 10143 10222 10259 10272 10275 10331 10346 10367 10375 10382 10723 10751 10854 10878 10947 10973 11037 11048 11052 11090 11103 11111 11130 11144 1114711148 11160 11163 11212 11249 11333 11353 11361 11390 11446 11464 11506 11622 11658 11704 11843 11898 11944 11976 11999 12065 12075 12077 12115 12157 12364 12410 12431 12577 12775 12786 12828 12831 12866 12914 12935 12955 12980 12993 13005 13128 13298 13338 13345 13389 13594
0861713594
AUTO - FLIGHT FMGC: ACTIVATE NO AP DISCONNECTION BELOW MDA/MDH UNTIL MISSED APPROACH POINT
AUTO FLIGHT SYSTEM ¿ FMGC ¿ ACTIVATE "NO AP DISCONNECTION UPON PROFILE OR F-PLAN INVALIDATION IN FINAL DES MODE" FUNCTION BY PIN-PROGRAMMING
02823 02868 02999 03015 03126 03185 0320703208 03239 03257 03283 03303 03341 03350 03382 03405 03429 03525 03539 03558 03567 03603 03637 03654 03673 03688 0371803719 03738 04629 04643 04654 04665 04682 04695 04698 04706 04755 04761 04774 04779 04788 04790 05025 05077 05083 05118 05154 05205 05254 05388 05450 05490 05584 05604 05633 05663 05667 05689 06009 06086 06294 06508 06563 06599 06652 06657 06682 06709 06751 06758 06766 06781 06822 06869 06987 06990 07029 07089 07139 07146 07166 07242 07274 07299 07516 07518 07858 07871 08101 08155 08168 08218 08257 08617 08727 08732 08737 08740 08794 08832 08896 08901 08906 08919 08937 08957 08967 09000 0904409045 09076 09079 09082 09091 09095 09109 09138 09155 09157 09326 09332 09358 09376 09415 09452 09467 09496 09567 10011 10125 10128 10143 10222 10259 10272 10275 10331 10346 10367 10375 10382 10723 10751 10854 10878 10947 10973 11037 11048 11052 11090 11103 11111 11130 11144 1114711148 11160 11163 11212 11249 11333 11353 11361 11390 11446 11464 11506 11622 11658 11704 11843 11898 11944 11976 11999 12065 12075 12077 12115 12157 12364 12410 12431 12577 12775 12786 12828 12831 12866 12914 12935 12955 12980 12993 13005 13128 13298 13338 13345 13389 13594
0282305450 0549013594
AUTO FLIGHT ¿ FLIGHT AUGMENTATION COMPUTER (FAC) - DEFINE STOP RUDDER INPUT WARNING FUNCTION ON AIRCRAFT
CERTIFICATION DOCUMENTS - GENERAL - DEFINE SOFT GO AROUND FUNCTION FOR NEO
07858 07871 08101 08155 08168 08218 08257 08617 08727 08732 08737 08740 08794 08832 08896 08901 08906 08919 08937 08957 08967 09000 0904409045 09076 09079 09082 09091 09095 09109 09138 09155 09157 09326 09332 09358 09376 09415 09452 09467 09496 09567 10011 10125 10128 10143 10222 10259 10272 10275 10331 10346 10367 10375 10382 10723 10751 10854 10878 10947 10973 11037 11048 11052 11090 11103 11111 11130 11144 1114711148 11160 11163 11212 11249 11333 11353 11361 11390 11446 11464 11506 11622 11658 11704 11843 11898 11944 11976 11999 12065 12075 12077 12115 12157 12364 12410 12431 12577 12775 12786 12828 12831 12866 12914 12935 12955 12980 12993 13005 13128 13298 13338 13345 13389 13594
0785813594
NAVIGATION - WEATHER RADAR SYSTEM - Install new RDR-4000 step 2 Radar Processor and activate WX ahead function (for FULL SINGLE CONFIGURATION)
08617 08727 08732 08737 08740 08794 08832 08896 08901 08906 08919 08937 08957 08967 09000 0904409045 09076 09079 09082 09091 09095 09109 09138 09155 09157 09326 09332 09358 09376 09415 09452 09467 09496 09567 10011 10125 10128 10143 10222 10259 10272 10275 10331 10346 10367 10375 10382 10723 10751 10854 10878 10947 10973 11037 11048 11052 11090 11103 11111 11130 11144 1114711148 11160 11163 11212 11249 11333 11353 11361 11390 11446 11464 11506 11622 11658 11704 11843 11898 11944 11976 11999 12065 12075 12077 12115 12157 12364 12410 12431 12577 12775 12786 12828 12831 12866 12914 12935 12955 12980 12993 13005 13128 13298 13338 13345 13389 13594
0861713594
INDICATING/RECORDING SYSTEMS - ELECTRONIC INSTRUMENT SYSTEM (EIS) - INTRODUCE EIS2 S12 STANDARD
INDICATING/RECORDING SYSTEMS - FLIGHT WARNING COMPUTER (FWC) - INSTALL FWC H2-F8P FOR A320NEO PW TC
INDICATING/RECORDING SYSTEM - EIS - INTRODUCE EIS2 S13 STANDARD
AUTO FLIGHT - GENERAL - Activate ROPS function on SA-NEO
08737 08832 08896 08901 08906 08937 08967 09045 09079 09091 09155 09332 09358 09467 09567 10011 10125 10128 10143 10222 10259 10272 10275 10331 10346 10367 10375 10382 10723 10751 10854 10878 10947 10973 11037 11048 11052 11090 11103 11111 11130 11144 1114711148 11160 11163 11212 11249 11333 11353 11361 11390 11446 11464 11506 11622 11658 11704 11843 11898 11944 11976 11999 12065 12075 12077 12115 12157 12364 12410 12431 12577 12775 12786 12828 12831 12866 12914 12935 12955 12980 12993 13005 13128 13298 13338 13345 13389 13594
08737 0883208906 08937 08967 09045 09079 09091 09155 0933209358 09467 0956713594
AUTOFLIGHT - FMGC - REINSTALL FMGC P1I8 (IAE/PW)(ANTIMOD OF MOD 161228/P14095)
07858 07871 08906 08937 09332 09358 09467 10011 10128 10272 10275 10331 10973 11037 11052 11090 11103 11111 11130 11144 11147 11160 11163 11249 11333 11361 11390 11446 11506 11658
0785807871 08906 08937 0933209358 09467 10011 10128 1027210331 1097311037 1105211147 1116011163 1124911333 1136111446 11506 11658
NAVIGATION - AIR DATA - Install and define reversible Back-Up Speed Scale function
07858 07871 08101 08155 08168 08218 08257 08617 08727 08732 08737 08740 08794 08832 08896 08901 08906 08919 08937 08957 08967 09000 0904409045 09076 09079 09082 09091 09095 09109 09138 09155 09157 09326 09332 09358 09376 09415 09452 09467 09496 09567 10011 10125 10128 10143 10222 10259 10272 10275 10331 10346 10367 10375 10382 10723 10751 10854 10878 10947 10973 11037 11048 11052 11090 11103 11111 11130 11144 1114711148 11160 11163 11212 11249 11333 11353 11361 11390 11446 11464 11506 11622 11658 11704 11843 11898 11944 11976 11999 12065 12075 12077 12115 12157 12364 12410 12431 12577 12775 12786 12828 12831 12866 12914 12935 12955 12980 12993 13005 13128 13298 13338 13345 13389 13594
0785813594
COMMUNICATIONS - AUDIO MANAGEMENT SYSTEM (AMS) - INSTALL DIGITAL AUDIO SYSTEMS (creation and removal)
11464 11506 11622 11658 11704 11843 11898 11944 11976 11999 12065 12075 12077 12115 12157 12364 12410 12431 12577 12775 12786 12828 12831 12866 12914 12935 12955 12980 12993 13005 13128 13298 13338 13345 13389 13594
1146413594
AUTO FLIGHT - GENERAL - Deactivate ROPS function
08737 08832 08896 08901 08967 09045 09079 09091 09155 09332 09358 09467 09567 10011 10125 10143 10222 10259 10346 10367 10375 10382
08737 0883208901 08967 09045 09079 09091 09155 0933209358 09467 0956710125 1014310259 1034610382
FLIGHT CONTROLS - ELEVATOR AILERON COMPUTER SYSTEM (ELAC) - INSTALL ELAC L102 STANDARD WITH DATA LOADING CAPABILITY
05604 06086 07858 07871 08101 08155 08168 08218 08257 08617 08727 08732 08737 08740 08794 08832 08896 08901 08906 08919 08937 08957 08967 09000 0904409045 09076 09079 09082 09091 09095 09109 09138 09155 09157 09326 09332 09358 09376 09415 09452 09467 09496 09567 10011 10125 10128 10143 10222 10259 10272 10275 10331 10346 10367 10375 10382 10723 10751 10854 10878 10947 10973 11037 11048 11052 11090 11103 11111 11130 11144 1114711148 11160 11163 11212 11249 11333 11353 11361 11390 11446 11464 11506 11622 11658 11704 11843 11898 11944 11976 11999 12065 12075 12077 12115 12157 12364 12410 12431 12577 12775 12786 12828 12831 12866 12914 12935 12955 12980 12993 13005 13128 13298 13338 13345 13389 13594
05604 06086 0785813594
NAVIGATION - WEATHER RADAR SYSTEM - RE-INSTALL SINGLE MANUAL HONEYWELL WEATHER RADAR WITH DUAL PROVISION (ANTI-MOD)
08617 08727 08732 08737 08740 08794 08832 08896 08901 08906 08919 08937 08957 08967 09000 0904409045 09076 09079 09082 09091 09095 09109 09138 09155 09157 09326 09332 09358 09376 09415 09452 09467 09496 09567 10011 10125 10128 10143 10222 10259 10272 10275 10331 10346 10367 10375 10382 10723 10751 10854 10878 10947 10973 11037 11048 11052 11090 11103 11111 11130 11144 1114711148 11160 11163 11212 11249 11333 11353 11361 11390 11446 11464 11506 11622 11658 11704 11843 11898 11944 11976 11999 12065 12075 12077 12115 12157 12364 12410 12431 12577 12775 12786 12828 12831 12866 12914 12935 12955 12980 12993 13005
0861713005
NAVIGATION - WEATHER RADAR SYSTEM RE-INSTALL SINGLE MANUAL ROCKWELL COLLINS WEATHER RADAR WITH DUAL PROVISION (ANTI-MOD)
08617 08727 08732 08737 08740 08794 08832 08896 08901 08906 08919 08937 08957 08967 09000 0904409045 09076 09079 09082 09091 09095 09109 09138 09155 09157 09326 09332 09358 09376 09415 09452 09467 09496 09567 10011 10125 10128 10143 10222 10259 10272 10275 10331 10346 10367 10375 10382 10723 10751 10854 10878 10947 10973 11037 11048 11052 11090 11103 11111 11130 11144 1114711148 11160 11163 11212 11249 11333 11353 11361 11390 11446 11464 11506 11622 11658 11704 11843 11898 11944 11976 11999 12065 12075 12077 12115 12157 12364 12410 12431 12577 12775 12786 12828 12831 12866 12914 12935 12955 12980 12993 13005
0861713005
INDICATING/RECORDING SYSTEMS - FLIGHT WARNING COMPUTER (FWC) - INSTALL FWC H2-F10
02823 02868 02999 03015 03126 03185 0320703208 03239 03257 03283 03303 03341 03350 03382 03405 03429 03525 03539 03558 03567 03603 03637 03654 03673 03688 0371803719 03738 04629 04643 04654 04665 04682 04695 04698 04706 04755 04761 04774 04779 04788 04790 05025 05077 05083 05118 05154 05205 05254 05388 05450 05465 05490 05584 05604 05633 05663 05667 05689 06009 06086 06294 06508 06563 06599 06652 06657 06682 06709 06751 06758 06766 06781 06822 06869 06987 06990 07029 07089 07139 07146 07166 07242 07274 07299 07516 07518 08155 08218 08257 08617 08727 08732 08740 08794 08832 08901 08906 08919 08957 09000 09044 09076 09082 09095 09109 09138 09157 09326 09376 09415 09452 09496 09567 10125 10128 10143 10222 10259 10272 10275 10331 10346 10367 10375 10382 10723 10751 10854 10878 10947 10973 11037 11048 11052 11090 11103 11111 11130 11144 1114711148 11160 11163 11212 11249 11333 11353 11361 11390 11446 11464 11506 11622 11658 11704 11843 11898 11944 11976 11999 12065 12075 12077 12115 12157 12364 12410 12431 12577 12775 12786 12828 12831 12866 12914 12935 12955 12980 12993 13005 13128 13298 13338 13345 13389 13594
0282307518 08155 0821808732 0874008832 0890108919 08957 0900009044 09076 09082 0909509138 0915709326 0937609452 0949609567 1012513594
AUTO FLIGHT - FLIGHT MANAGEMENT AND GUIDANCE COMPUTER (FMGC) - Introduce HONEYWELL FMS release 2 standard H3 associated to FG PI16
06508 06563 06599 06652 06657 06682 06709 06751 06758 06766 06781 06822 06869 06987 06990 07029 07089 07139 07146 07166 07242 07274 07299 07516 07518 08101 08155 08168 08218 08257 08617 08727 08732 08737 08740 08794 08832 08896 08901 08919 08957 08967 09000 0904409045 09076 09079 09082 09091 09095 09109 09138 09155 09157 09326 09376 09415 09452 09496 09567 10125 10128 10143 10222 10259 10272 10275 10331 10346 10367 10375 10382 10723 10751 10854 10878 10947 10973 11037 11048 11052 11090 11103 11111 11130 11144 1114711148 11160 11163 11212 11249 11333 11353 11361 11390 11446 11464 11506 11622 11658 11704 11843 11898 11944 11976 11999 12065 12075 12077 12115 12157 12364 12410 12431 12577 12775 12786 12828 12831 12866 12914 12935 12955 12980 12993 13005 13128 13298 13338 13345 13389 13594
0650807518 0810108901 08919 0895709326 0937609452 0949609567 1012513594
AUTO FLIGHT - GENERAL - INSTALL AND ACTIVATE ROPS STEP 2+ CAPABILITY INCLUDING RUNWAY CONDITION SELECTION (FOR NEO AIRCRAFT ONLY)
10723 10751 10854 10878 10947 10973 11037 11048 11052 11090 11103 11111 11130 11144 1114711148 11160 11163 11212 11249 11333 11353 11361 11390 11446 11464 11506 11622 11658 11704 11843 11898 11944 11976 11999 12065 12075 12077 12115 12157 12364 12410 12431 12577 12775 12786 12828 12831 12866 12914 12935 12955 12980 12993 13005 13128 13298 13338 13345 13389 13594
1072313594
NAVIGATION - WEATHER RADAR SYSTEM - Introduce Weather Radar Rockwell Collins WXR 2100 A (CONF SINGLE)
13128 13298 13338 13345 13389 13594
1312813594
AUTO FLIGHT - Flight Management System Introduce FLS function and FLS/Final APP coexistence certification & activation with HONEYWELL FMS
11464 11622 11704 11843 11898 11944 11976 11999 12065 12075 12077 12115 12157 12364 12410 12431 12577 12775 12786 12828 12831 12866 12914 12935 12955 12980 12993 13005 13128 13298 13338 13345 13389 13594
11464 11622 1170413594
AUTO FLIGHT - Flight Management System Activate Continuous Descent Approach (CDA) function
11464 11622 11704 11843 11898 11944 11976 11999 12065 12075 12077 12115 12157 12364 12410 12431 12577 12775 12786 12828 12831 12866 12914 12935 12955 12980 12993 13005 13128 13298 13338 13345 13389 13594
11464 11622 1170413594
AUTO FLIGHT FLIGHT MANAGEMENT SYSTEMS (FMS) - Activate and certify FLS/Final APP coexistence function with THALES FM
11658
11658
AUTO FLIGHT - FLIGHT MANAGEMENT AND GUIDANCE COMPUTER - Install FG PI17 associated to Honeywell FM H3
06508 06563 06599 06652 06657 06682 06709 06751 06758 06766 06781 06822 06869 06987 06990 07029 07089 07139 07146 07166 07242 07274 07299 07516 07518 08101 08155 08168 08218 08257 08617 08727 08732 08737 08740 08794 08832 08896 08901 08919 08957 08967 09000 0904409045 09076 09079 09082 09091 09095 09109 09138 09155 09157 09326 09376 09415 09452 09496 09567 10125 10128 10143 10222 10259 10272 10275 10331 10346 10367 10375 10382 10723 10751 10854 10878 10947 10973 11037 11048 11052 11090 11103 11111 11130 11144 1114711148 11160 11163 11212 11249 11333 11353 11361 11390 11446 11464 11506 11622 11658 11704 11843 11898 11944 11976 11999 12065 12075 12077 12115 12157 12364 12410 12431 12577 12775 12786 12828 12831 12866 12914 12935 12955 12980 12993 13005 13128 13298 13338 13345 13389 13594
0650807518 0810108901 08919 0895709326 0937609452 0949609567 1012513594
AUTO FLIGHT - FLIGHT MANAGEMENT AND GUIDANCE COMPUTER - INSTALL FMS S8A (HW4) ASSOCIATED TO FG PI18 (SAFETY BEYOND STANDARD)
10128 10272 10275 10331 10973 11037 11052 11090 11103 11111 11130 11144 11147 11160 11163 11249 11333 11361 11390 11446 11506 11658
10128 1027210331 1097311037 1105211147 1116011163 1124911333 1136111446 11506 11658
AUTO FLIGHT - GENERAL - CERTIFY AND DEFINE UAMM (Unreliable Airspeed Mitigation Means) STEP 2 FUNCTION
10723 10751 10854 10878 10947 10973 11037 11048 11052 11090 11103 11111 11130 11144 1114711148 11160 11163 11212 11249 11333 11353 11361 11390 11446 11464 11506 11622 11658 11704 11843 11898 11944 11976 11999 12065 12075 12077 12115 12157 12364 12410 12431 12577 12775 12786 12828 12831 12866 12914 12935 12955 12980 12993 13005 13128 13298 13338 13345 13389 13594
1072313594
AUTO FLIGHT - FLIGHT MANAGEMENT SYSTEM (FMS)- Re-install H2CPI16 (FMs ANTI MOD)
10128 10272 10275 10331 10973 11037 11052 11090 11103 11111 11130 11144 11147 11160 11163 11249 11333 11361 11390 11446 11506 11658
10128 1027210331 1097311037 1105211147 1116011163 1124911333 1136111446 11506 11658
EQUIPMENT/FURNISHINGS - COCKPIT - Reinforce Cockpit Documents Stowage (SB & Serial Solution)
02823 02868 02999 03015 03126 03185 0320703208 03239 03257 03283 03303 03341 03350 03382 03405 03429 03525 03539 03558 03567 03603 03637 03654 03673 03688 0371803719 03738 04629 04643 04654 04665 04682 04695 04698 04706 04755 04761 04774 04779 04788 04790 05025 05077 05083 05118 05154 05205 05254 05388 05450 05465 05490 05584 05604 05633 05663 05667 05689 06009 06086 06294 06508 06563 06599 06652 06657 06682 06709 06751 06758 06766 06781 06822 06869 06987 06990 07029 07089 07139 07146 07166 07242 07274 07299 07516 07518 07871 08155 08257 08617 08727 08732 08740 08794 08919 08957 09000 09044 09076 09082 09095 09109 09138 09157 09326 09332 09358 09376 09415 09452 09467 09496 09567 10011 10125 10128 10143 10222 10259 10272 10275 10331 10346 10367 10375 10382 10723 10751 10854 10878 10947 10973 11037 11048 11052 11090 11103 11111 11130 11144 1114711148 11160 11163 11212 11249 11333 11353 11361 11390 11446 11464 11506 11622 11658 11704 11843 11898 11944 11976 11999 12065 12075 12077 12115 12157 12364 12410 12431 12577 12775 12786 12828 12831 12866 12914 12935 12955 12980 12993 13005 13128 13298 13338 13345 13389 13594
0282307518 07871 08155 0825708732 0874008794 08919 08957 0900009044 09076 09082 0909509138 0915713594
INDICATING RECORDING - FLIGHT WARNING COMPUTER (FWC) - INTRODUCE FWS S/W STANDARD F13
02823 02868 02999 03015 03126 03185 0320703208 03239 03257 03283 03303 03341 03350 03382 03405 03429 03525 03539 03558 03567 03603 03637 03654 03673 03688 0371803719 03738 04629 04643 04654 04665 04682 04695 04698 04706 04755 04761 04774 04779 04788 04790 05025 05077 05083 05118 05154 05205 05254 05388 05450 05465 05490 05584 05604 05633 05663 05667 05689 06009 06086 06294 06508 06563 06599 06652 06657 06682 06709 06751 06758 06766 06781 06822 06869 06987 06990 07029 07089 07139 07146 07166 07242 07274 07299 07516 07518 08155 08218 08257 08617 08732 08740 08794 08832 08901 08919 08957 09000 09044 09076 09082 09095 09109 09138 09157 09326 09376 09415 09452 09496 09567 10125 10128 10143 10222 10259 10272 10275 10331 10346 10367 10375 10382 10723 10751 10854 10878 10947 10973 11037 11048 11052 11090 11103 11111 11130 11144 1114711148 11160 11163 11212 11249 11333 11353 11361 11390 11446 11464 11506 11622 11658 11704 11843 11898 11944 11976 11999 12065 12075 12077 12115 12157 12364 12410 12431 12577 12775 12786 12828 12831 12866 12914 12935 12955 12980 12993 13005 13128 13298 13338 13345 13389 13594
0282307518 08155 0821808617 08732 0874008832 08901 08919 08957 0900009044 09076 09082 0909509138 0915709326 0937609452 0949609567 1012513594
ENGINE FUEL AND CONTROL - FADEC SYSTEM - INTRODUCE EEC and PHMU FCS 5.0 ON NEO PW
07858 07871 08101 08155 08168 08218 08257 08617 08727 08732 08737 08740 08794 08832 08896 08901 08906 08919 08937 08957 08967 09000 0904409045 09076 09079 09082 09091 09095 09109 09138 09155 09157 09326 09332 09358 09376 09415 09452 09467 09496 09567 10011 10125 10128 10143 10222 10259 10272 10275 10331 10346 10367 10375 10382 10723 10751 10854 10878 10947 10973 11037 11048 11052 11090 11103 11111 11130 11144 1114711148 11160 11163 11212 11249 11333 11353 11361 11390 11446 11464 11506 11622 11658 11704 11843 11898 11944 11976 11999 12065 12075 12077 12115 12157 12364 12410 12431 12577 12775 12786 12828 12831 12866 12914 12935 12955 12980 12993 13005 13128 13298 13338 13345 13389 13594
0785813594
NAVIGATION - TRAFFIC AND TERRAIN INTEGRATED SURVEILLANCE SYSTEM (T/TISS) - DEACTIVATE ALTSM FUNCTION
13128 13298 13338 13345 13389 13594
1312813594
NAVIGATION - TRAFFIC AND TERRAIN INTEGRATED SURVEILLANCE SYSTEM (T/TISS) - DEFINE ALTSM FUNCTION ACTIVATION IN ACTIVE MODE ON T3CAS
13128 13298 13338 13345 13389 13594
1312813594
INDICATING/RECORDING SYSTEMS - GENERAL - DEFINE PIN PROGRAMMING FOR STD VERSIONS
AUTO FLIGHT - FMGC - PROVIDE TIME CONSTRAINT AND TEN CHARACTERS RTE IDENT FUNCTIONS
NAVIGATION - BENDIX WEATHER RADAR SYSTEM - ACTIVATION OF PREDICTIVE WINDSHEAR FUNCTION
03185 03208 03239 03257 03303 03341 03558 03567 03603 03654 0371803719
03185 0320803257 0330303341 0355803603 03654 0371803719
AUTO FLIGHT/FCU DEFINE FD ENGAGEMENT IN CROSSED BARS AT GO AROUND
AUTO FLIGHT - ACTIVATE GLOBAL SPEED PROTECTION AND FD DISENGAGEMENT UPON SPEED CONDITIONS
LANDING GEAR-GENERAL WHEELS AND BRAKES EQUIPMENT COST REDUCTION ELECTRICAL ALTERNATE BRAKING
NAVIGATION - WETAHER RADAR SYSTEM - ACTIVATE DUAL PREDICTIVE WINDSHEAR FUNCTION
02823 02868 02999 03015 03126 03207 03283 03350 03405 03429 03525 03539 03637 03673 03688 03738 05604 06086 08617 08727 08732 08737 08740 08794 08832 08896 08901 08906 08919 08937 08957 08967 09000 0904409045 09076 09079 09082 09091 09095 09109 09138 09155 09157 09326 09332 09358 09376 09415 09452 09467 09496 09567 10011 10125 10128 10143 10222 10259 10272 10275 10331 10346 10367 10375 10382 10723 10751 10854 10878 10947 10973 11037 11048 11052 11090 11103 11111 11130 11144 1114711148 11160 11163 11212 11249 11333 11353 11361 11390 11446 11464 11506 11622 11658 11704 11843 11898 11944 11976 11999 12065 12075 12077 12115 12157 12364 12410 12431 12577 12775 12786 12828 12831 12866 12914 12935 12955 12980 12993 13005 13128 13298 13338 13345 13389 13594
0282303126 03207 03283 03350 0340503539 03637 0367303688 03738 05604 06086 0861713594
NAVIGATION - WEATHER RADAR SYSTEM - COLLINS DUAL PWS ACTIVATOR
02823 02868 02999 03015 03126 03185 0320703208 03239 03257 03283 03303 03341 03350 03382 03405 03429 03525 03539 03558 03567 03603 03637 03654 03673 03688 0371803719 03738 04629 04643 04654 04665 04682 04695 04698 04706 04755 04761 04774 04779 04788 04790 05025 05077 05083 05118 05154 05205 05254 05388 05450 05465 05490 05584 05633 05663 05667 05689 06009 06294
0282305584 0563306009 06294
NAVIGATION - SINGLE PWS - COLLINS SINGLE PWS ACTIVATION
05077 05083 05118 05154 05205 05254 05388 05450 05465 05490 05584 05604 05633 05663 05667 05689 06009 06086 06294 06508 06563 06599 06652 06657 06682 06709 06751 06758 06766 06781 06822 06869 06987 06990 07029 07089 07139 07146 07166 07242 07274 07299 07516 07518 07858 07871 08101 08155 08168 08218 08257 08617 08727 08732 08737 08740 08794 08832 08896 08901 08906 08919 08937 08957 08967 09000 0904409045 09076 09079 09082 09091 09095 09109 09138 09155 09157 09326 09332 09358 09376 09415 09452 09467 09496 09567 10011 10125 10128 10143 10222 10259 10272 10275 10331 10346 10367 10375 10382 10723 10751 10854 10878 10947 10973 11037 11048 11052 11090 11103 11111 11130 11144 1114711148 11160 11163 11212 11249 11333 11353 11361 11390 11446 11464 11506 11622 11658 11704 11843 11898 11944 11976 11999 12065 12075 12077 12115 12157 12364 12410 12431 12577 12775 12786 12828 12831 12866 12914 12935 12955 12980 12993 13005 13128 13298 13338 13345 13389 13594
0507713594
ELECTRICAL POWER - AC EMERGENCY GENERATION - ACTIVATE ON A320 SAME ELECTRICAL EMERG. CONFIGURATION THAN A321
03185 03208 03239 03257 03303 03341 03558 03567 03603 03654 0371803719 05604 06086 07858 07871 08101 08168 08218 08737 08832 08896 08901 08967 09045 09079 09091 09155 09332 09358 09467 10011 11037 11052 11090 11103 11111 11130 11147 11160 11163 11333 11361 11446 11506
03185 0320803257 0330303341 0355803603 03654 0371803719 05604 06086 0785808101 0816808218 08737 0883208901 08967 09045 09079 09091 09155 0933209358 09467 10011 11037 1105211130 11147 1116011163 11333 11361 11446 11506
LANDING GEAR-PARKING/ULTIMATE EMERGENCY BRAKING -INSTALL A PRESSURE SWITCH (PARKING BRAKE SYSTEM IMPROVEMENT
AUTOFLIGHT - FLIGHT MANAGEMENT AND GUIDANCE COMPUTER (FMGC) DEVELOP FMS 2ND GENERATION HONEYWELL STEP1
AUTOFLIGHT - FMGC DEFINE AND INSTALL FMGC IAE C13043BA01 THALES (EQUIPPED WITH "FMS2" THALES/SMITH)
03382 05025 06009 06294 07858 07871 08906 08937 09332 09358 09467 10011 10128 10272 10275 10331 10973 11037 11052 11090 11103 11111 11130 11144 11147 11160 11163 11249 11333 11361 11390 11446 11506 11658
03382 05025 06009 06294 0785807871 08906 08937 0933209358 09467 10011 10128 1027210331 1097311037 1105211147 1116011163 1124911333 1136111446 11506 11658
AUTOFLIGHT - FMGC - INSTALL FMGC IAE C13042BA01 (EQUIPPED WITH FMS2 HONEYWELL)
AUTO FLIGHT - FMGC DEVELOP FMS 2ND GENERATION THALES/SMITH REV 1 STANDARD
03382 05025 06009 06294 07858 07871 08906 08937 09332 09358 09467 10011 10128 10272 10275 10331 10973 11037 11052 11090 11103 11111 11130 11144 11147 11160 11163 11249 11333 11361 11390 11446 11506 11658
03382 05025 06009 06294 0785807871 08906 08937 0933209358 09467 10011 10128 1027210331 1097311037 1105211147 1116011163 1124911333 1136111446 11506 11658
AUTO FLIGHT FLIGHT MANAGEMENT AND GUIDANCE SYSTEM ACTIVATE FMA ENHANCEMENT FUNCTION
ENGINE FUEL AND CONTROL - CONTROLLING INTRODUCE EEC SOFTWARE STANDARD "SCN17" ON V2500-A5 ENGINES
02823 02868 02999 03015 03126 03185 0320703208 03239 03257 03283 03303 03341 03350 03382 03405 03429 03525 03539 03558 03567 03603 03637 03654 03673 03688 0371803719 03738 04629 04643 04654 04665 04682 04695 04698 04706 04755 04761 04774 04779 04788 04790 05025 05077 05083 05118 05154 05205 05254 05388 05450 05465 05490 05584 05604 05633 05663 05667 05689 06009 06086 06294 06508 06563 06599 06652 06657 06682 06709 06751 06758 06766 06781 06822 06869 06987 06990 07029 07089 07139 07146 07166 07242 07274 07299 07516 07518
0282307518
LANDING GEAR - WHEELS AND BRAKES INTRODUCE GOODRICH DURACARB CARBON BRAKES WITH ANTI - OXYDAN "M1"
08101 08168 08218 08737 08832 08901
08101 0816808218 08737 08832 08901
AUTO-FLIGHT - FAC - DEFINE NEW PIN PROGAM- MING FOR WEIGHT AND CG COMPUTATION BASED ON FMS REFERENCES
03603 05450 05465 05490 05584 05604 05633 05663 05667 05689 06009 06086 06294 06508 06563 06599 06652 06657 06682 06709 06751 06758 06766 06781 06822 06869 06987 06990 07029 07089 07139 07146 07166 07242 07274 07299 07516 07518 07858 07871 08101 08155 08168 08218 08257 08617 08727 08732 08737 08740 08794 08832 08896 08901 08906 08919 08937 08957 08967 09000 0904409045 09076 09079 09082 09091 09095 09109 09138 09155 09157 09326 09332 09358 09376 09415 09452 09467 09496 09567 10011 10125 10128 10143 10222 10259 10272 10275 10331 10346 10367 10375 10382 10723 10751 10854 10878 10947 10973 11037 11048 11052 11090 11103 11111 11130 11144 1114711148 11160 11163 11212 11249 11333 11353 11361 11390 11446 11464 11506 11622 11658 11704 11843 11898 11944 11976 11999 12065 12075 12077 12115 12157 12364 12410 12431 12577 12775 12786 12828 12831 12866 12914 12935 12955 12980 12993 13005 13128 13298 13338 13345 13389 13594
03603 0545013594
NAVIGATION - ADIRS INTRODUCE AIR DATA MONITORING FUNCTION
04629 04643 04654 04665 04682 04695 04698 04706 04755 04761 04774 04779 04788 04790 05025 05077 05083 05118 05154 05205 05254 05388 05450 05465 05490 05584 05604 05633 05663 05667 05689 06009 06086 06294 06508 06563 06599 06652 06657 06682 06709 06751 06758 06766 06781 06822 06869 06987 06990 07029 07089 07139 07146 07166 07242 07274 07299 07516 07518 07858 07871 08101 08155 08168 08218 08257 08617 08727 08732 08737 08740 08794 08832 08896 08901 08906 08919 08937 08957 08967 09000 0904409045 09076 09079 09082 09091 09095 09109 09138 09155 09157 09326 09332 09358 09376 09415 09452 09467 09496 09567 10011 10125 10128 10143 10222 10259 10272 10275 10331 10346 10367 10375 10382 10723 10751 10854 10878 10947 10973 11037 11048 11052 11090 11103 11111 11130 11144 1114711148 11160 11163 11212 11249 11333 11353 11361 11390 11446 11464 11506 11622 11658 11704 11843 11898 11944 11976 11999 12065 12075 12077 12115 12157 12364 12410 12431 12577 12775 12786 12828 12831 12866 12914 12935 12955 12980 12993 13005 13128 13298 13338 13345 13389 13594
0462913594
NAVIGATION - WEATHER RADAR SYSTEM - REMOVE WXR TRANSCEIVER COLLINS "-623" AND DEACTIVATE (ANTI MOD 32740 AND 26560)
02823 02868 02999 03015 03126 03185 0320703208 03239 03257 03283 03303 03341 03350 03405 03429 03525 03539 03558 03567 03603 03637 03654 03673 03688 0371803719 03738
0282303350 0340503738
AUTO FLIGHT - FMGC - CERTIFY FLS FUNCTION
11658
11658
AUTO-FLIGHT - FMGC - ACTIVATE MOD NAV GO AROUND ON FMGC
02823 02868 02999 03015 03126 03185 0320703208 03239 03257 03283 03303 03341 03350 03382 03429
0282303382 03429
AUTO FLIGHT- FLIGHT MANAGEMENT SYSTEM - ACTIVATE NO AP DISCONNECTION BELOW MDA/MDH UNTIL MISSED APPROACH POINT AND ACTIVATE BARO RADIO SETTING FUNCTION.
02823 02868 02999 03015 03126 03185 0320703208 03239 03257 03283 03303 03341 03350 03382 03405 03429 03525 03539 03558 03567 03603 03637 03654 03673 03688 0371803719 03738
0282303738
AUTO FLIGHT - FMGC - INSTALL FMGC H2I12 HONEYWELL ON IAE/PW AIRCRAFT
02823 02868 0320703208 03257 03303 03429 03654 03673 03688 03719 04682 04698 05077 05083 05490 05604 06086
0282302868 0320703208 03257 03303 03429 0365403688 03719 04682 04698 0507705083 05490 05604 06086
AUTO FLIGHT - FMGC - INSTALL FMS THALES RELEASE 1A STANDARD S7A (WITH FG I12) ON IAE/PW AIRCRAFT
03382 05025
03382 05025
AUTO FLIGHT-FLIGHT AUGMENTATION (FAC) DEFINE STOP RUDDER INPUT WARNING FUNCTION ON AIRCRAFT
02823 02868 02999 03015 03126 03185 0320703208 03239 03257 03283 03303 03341 03350 03382 03405 03429 03525 03539 03558 03567 03603 03637 03654 03673 03688 0371803719 03738 04629 04643 04654 04665 04682 04695 04698 04706 04755 04761 04774 04779 04788 04790 05025 05077 05083 05118 05154 05205 05254 05388 05450 05465 05490 05584 05604 05633 05663 05667 05689
0282305689
FLIGHT MANAGEMENT AND GUIDANCE COMPUTER (FMGC) - INSTALL FMGC H2CI15 HONEYWELL ON IAE AND PW ENGINE
02999 03015 03126 03185 03208 03239 03257 03283 03341 03350 03405 03525 03539 03558 03567 03603 03637 03654 0371803719 03738 04629 04643 04654 04665 04695 04706 04755 04761 04774 04779 04788 04790 05118 05154 05205 05254 05388 05450 05490 05584 05633 05663 05667 05689
0299903185 0320803283 0334103350 03405 0352503654 0371804665 04695 0470604790 0511805450 0549005584 0563305689
FLIGHT MANAGEMENT AND GUIDANCE COMPUTER (FMGC) - ACTIVATE SOFT GO AROUND FUNCTION FOR NEO
07858 07871 08101
0785808101
FLIGHT MANAGEMENT AND GUIDANCE COMPUTER (FMGC)- INTRODUCE HONEYWELL FMS RELEASE 2 STANDARD H3 ON PEG I ASSOCIATED TO FG 2G I15
02823 02868 02999 03015 03126 03185 0320703208 03239 03257 03283 03303 03341 03350 03405 03429 03525 03539 03558 03567 03603 03637 03654 03673 03688 0371803719 03738 04629 04643 04654 04665 04682 04695 04698 04706 04755 04761 04774 04779 04788 04790 05077 05083 05118 05154 05205 05254 05388 05450 05465 05490 05584 05604 05633 05663 05667 05689 06086
0282303350 0340504790 0507705689 06086
INSTALL FM HONEYWELL H4 ASSOCIATED TO FG PI18 (CEO)
06508 06563 06599 06652 06657 06682 06709 06751 06758 06766 06781 06822 06869 06987 06990 07029 07089 07139 07146 07166 07242 07274 07299 07516 07518
0650807518
INSTALL FM HONEYWELL H4 ASSOCIATED TO FG PI18 (NEO)
08101 08155 08168 08218 08257 08617 08727 08732 08737 08740 08794 08832 08896 08901 08919 08957 08967 09000 0904409045 09076 09079 09082 09091 09095 09109 09138 09155 09157 09326 09376 09415 09452 09496 09567
0810108901 08919 0895709326 0937609452 0949609567
INSTALL FMS S8A (HW1) ASSOCIATED TO FG PI18 (NEO)
07858 07871 08906 08937 09332 09358 09467 10011
0785807871 08906 08937 0933209358 09467 10011
INSTALL FMS S8A (HW1) ASSOCIATED TO FG PI18 (CEO)
06009 06294
06009 06294
COCKPIT - REINFORCE COCKPIT DOCUMENTS STOWAGE BOX
02823 02868 02999 03015 03126 03185 0320703208 03239 03257 03283 03303 03341 03350 03382 03405 03429 03525 03539 03558 03567 03603 03637 03654 03673 03688 0371803719 03738 04629 04643 04654 04665 04682 04695 04698 04706 04755 04761 04774 04779 04788 04790 05025 05077 05083 05118 05154 05205 05254 05388 05450 05465 05490 05584 05604 05633 05663 05667 05689 06009 06086 06294 06508 06563 06599 06652 06657 06682 06709 06751 06758 06766 06781 06822 06869 06987 06990 07029 07089 07139 07146 07166 07242 07274 07299 07516 07518
0282307518
COCKPIT - REINFORCE COCKPIT DOCUMENTS STOWAGE BOX
07871 08155 08257 08617 08727 08732 08740 08794 08919 08957 09000 09044 09076 09082 09095 09109
07871 08155 0825708732 0874008794 08919 08957 0900009044 09076 09082 0909509109
ELEVATOR AILERON COMPUTER SYSTEM - INSTALL ELAC B L103 - DATA LOADABLE
07858 07871 08101 08155 08168 08218 08617 08737 08832 08896 08901 08967 09045 09079 09091 09155 09332 09358
0785808218 08617 08737 0883208901 08967 09045 09079 09091 09155 0933209358
INSTALL SOFTWARE STANDARD L104 ON ELAC B WITH DATA LOADING CAPABILITY ON CEO, SUPPORTING SAFETY BEYOND STANDARD FUNCTIONS
05604 06086
05604 06086
INDICATING/RECORDING SYSTEMS - FLIGHT WARNING COMPUTER (FWC) - INSTALL FWC STANDARD H2-F5
02823 02868 02999 03015 03126 03185 0320703208 03239 03257 03283 03303 03341 03350 03382 03405 03429 03525 03539 03558 03567 03603 03637 03654 03673 03688 0371803719 03738
0282303738
INDICATING RECORDING SYSTEMS - FWC - INTRODUCE FWC STANDARD H2-F7
02823 02868 02999 03015 03126 03185 0320703208 03239 03257 03283 03303 03341 03350 03382 03405 03429 03525 03539 03558 03567 03603 03637 03654 03673 03688 0371803719 03738
0282303738
DMC - INTRODUCE EIS2 S13-2 STANDARD FOR CEO CONFIGURATION
02823 02868 02999 03015 03126 03185 0320703208 03239 03257 03283 03303 03341 03350 03382 03405 03429 03525 03539 03558 03567 03603 03637 03654 03673 03688 0371803719 03738 04629 04643 04654 04665 04682 04695 04698 04706 04755 04761 04774 04779 04788 04790 05025 05077 05083 05118 05154 05205 05254 05388 05450 05465 05490 05584 05604 05633 05663 05667 05689 06009 06086 06294 06508 06563 06599 06652 06657 06682 06709 06751 06758 06766 06781 06822 06869 06987 06990 07029 07089 07139 07146 07166 07242 07274 07299 07516 07518
0282307518
INDICATING/RECORDING SYSTEMS - FLIGHT WARNING COMPUTER (FWC) - INSTALL FWC H2-F9D FOR CEO AIRCRAFT
02823 02868 02999 03015 03126 03185 0320703208 03239 03257 03283 03303 03341 03350 03382 03405 03429 03525 03539 03558 03567 03603 03637 03654 03673 03688 0371803719 03738 04629 04643 04654 04665 04682 04695 04698 04706 04755 04761 04774 04779 04788 04790 05025 05077 05083 05118 05154 05205 05254 05388 05450 05465 05490 05584 05604 05633 05663 05667 05689 06009 06086 06294 06508 06563 06599 06652 06657 06682 06709 06751 06758 06766 06781 06822 06869 06987 06990 07029 07089 07139 07146 07166 07242 07274 07299
0282307299
INDICATING/RECORDING SYSTEMS - FLIGHT WARNING COMPUTER (FWC) - INSTALL FWC H2-F10
02823 02868 02999 03015 03126 03185 0320703208 03239 03257 03283 03303 03341 03350 03382 03405 03429 03525 03539 03558 03567 03603 03637 03654 03673 03688 0371803719 03738 04629 04643 04654 04665 04682 04695 04698 04706 04755 04761 04774 04779 04788 04790 05025 05077 05083 05118 05154 05205 05254 05388 05450 05465 05490 05584 05604 05633 05663 05667 05689 06086 06508 06563 06599 06652 06657 06682 06709 06751 06758 06766 06781 06822 06869 06987 06990 07029 07089 07139 07146 07166 07242 07274 07299 07516 07518
0282305689 06086 0650807518
INSTALL FWC H2-F12E (CEO)
06009 06294
06009 06294
INSTALL FWC H2-F12E (NEO)
08218 08832 08901
08218 08832 08901
INTRODUCE FWS S/W STANDARD F13 (CEO)
02823 02868 02999 03015 03126 03185 0320703208 03239 03257 03283 03303 03341 03350 03382 03405 03429 03525 03539 03558 03567 03603 03637 03654 03673 03688 0371803719 03738 04629 04643 04654 04665 04682 04695 04698 04706 04755 04761 04774 04779 04788 04790 05025 05077 05083 05118 05154 05205 05254 05388 05450 05465 05490 05584 05604 05633 05663 05667 05689 06009 06086 06294 06508 06563 06599 06652 06657 06682 06709 06751 06758 06766 06781 06822 06869 06987 06990 07029 07089 07139 07146 07166 07242 07274 07299 07516 07518
0282307518
INTRODUCE FWS S/W STANDARD F13 (NEO)
08155 08218 08257 08617 08732 08740 08794 08832 08901 08919 08957 09000 09044 09076 09082 09095 09109 09138 09157 09326 09376 09415 09452 09496 09567 10125 10128 10143 10222 10259 10272 10275 10331 10346 10367 10375 10382 10723 10751
08155 0821808617 08732 0874008832 08901 08919 08957 0900009044 09076 09082 0909509138 0915709326 0937609452 0949609567 1012510751
EIS - DEACTIVATE HPFD FUNCTION
11464
11464
WINGTIP - INTRODUCE SHARKLET DEVICE FOR A321 AIRCRAFT
05450 05465 05490 05584 05633 05663 05667 05689
0545005584 0563305689
WINGS - WINGTIP - INTRODUCE SHARKLET DEVICE FOR A320 FAMILY (IN SERVICE RETROFIT)
03603
03603
FADEC SYSTEM - INTRODUCE FCS5.0 FADEC SOFTWARE ON NEO PW
07858 07871 08101 08155 08168 08218 08257 08617 08727 08732 08737 08794 08832 08896 08901 08967 09045
0785808737 0879408901 08967 09045
09358
08928  11239
09358
08928  11239
11239
09358
08928  11239
09358
08928
08928
08928
09358
08928  11239
08928  11239
09358
11239
09358
08928  11239
09358
08928
08928
09358
08928
08928  11239
09358
11239
08928  11239
09358
11239
09358
09358
08928  11239
11239
08928
11239
09358
08928  11239
09358
08928  11239
09358
08928  11239
09358
08928
11239
11239
09358
08928  11239
09358
08928
09358
08928  11239
09358
11239
09358
08928  11239
09358
08928
08928  11239
09358
08928  11239
09358
08928  11239
09358
08928  11239
09358
08928  11239
11239
09358
08928  11239
09358
08928  11239